Insult,Prob Insult
1,0.8785651416156841
2,0.26632407793927143
3,0.8140751833760781
4,0.8647143357869846
5,0.6477680622846164
6,0.4923882827108798
7,0.7435126653739482
8,0.9121821658457048
9,0.751723235343572
10,0.5924584664040672
11,0.6737871643482547
12,0.4186955308707441
13,0.9136666343832661
14,0.7027544114343971
15,0.4087989802780721
16,0.7342285279959463
17,0.926598526072647
18,0.7758686203243559
19,0.565859062453118
20,0.5740157326752492
21,0.7611682883511006
22,0.6094520890430984
23,0.7515958632604199
24,0.6605342775745645
25,0.7660770328005357
26,0.417582625795076
27,0.7191565632899926
28,0.8017613254652016
29,0.8620280299414387
30,0.8559623848385625
31,0.7863755471080808
32,0.8751641927325734
33,0.7651482542137223
34,0.8928667258167597
35,0.6388262229199595
36,0.8123178038486338
37,0.7513348279366007
38,0.41253215177102887
39,0.9000932657968751
40,0.6460370542472218
41,0.3441734730467305
42,0.976454910461124
43,0.7577150593559965
44,0.8834582048736198
45,0.790222206443605
46,0.8496296413723045
47,0.8387260227226584
48,0.7743052831469068
49,0.8262151933356581
50,0.8410292826296487
51,0.8336494776339369
52,0.8510437242688097
53,0.912595990117535
54,0.8347751683562001
55,0.9097711406008492
56,0.5934981957188578
57,0.7082230219955368
58,0.7234600774151264
59,0.9146009185155071
60,0.9155026959639316
61,0.9029158647350665
62,0.9142367006699498
63,0.8317323464595863
64,0.7570150829988176
65,0.6832137744574381
66,0.6785621432930413
67,0.7342285279959463
68,0.8395452600008283
69,0.7212843965221757
70,0.336074893154272
71,0.8208873748770398
72,0.8669979373876782
73,0.790648978563417
74,0.6917206152042462
75,0.5648434283164749
76,0.36309499766357856
77,0.8222742043931306
78,0.8100418182325034
79,0.7598232539477393
80,0.9250491041127099
81,0.4190647918087167
82,0.8634828457643207
83,0.8029772303800395
84,0.7342285279959463
85,0.7887384790326765
86,0.7727121608597335
87,0.7691878946164601
88,0.7688385575458555
89,0.9033972391162989
90,0.7836959295164431
91,0.785464095149944
92,0.8310550280976042
93,0.6511537615798624
94,0.5755305141719904
95,0.8269934035223928
96,0.834597281718693
97,0.4746929688442713
98,0.8401359967254164
99,0.8064714678103155
100,0.9309658683336599
101,0.7722534919764499
102,0.8204995511758777
103,0.8929260528690177
104,0.7885656185324732
105,0.8014909970784749
106,0.678118761798333
107,0.7544480934246753
108,0.7088251300987236
109,0.620030901335984
110,0.8163083334500981
111,0.81175888450186
112,0.6003471028302795
113,0.6840023325487774
114,0.606685239328089
115,0.7622617076143426
116,0.5657162651601212
117,0.7662437161220105
118,0.7342285279959463
119,0.6019006704123128
120,0.7634696760282659
121,0.7387417805031291
122,0.849393177212708
123,0.892063385793478
124,0.5819668207332488
125,0.8132204712477628
126,0.7680911436889403
127,0.5387919289039605
128,0.585988924558452
129,0.8975888145287118
130,0.7100523403942038
131,0.867409576844175
132,0.7524055409788029
133,0.8962817235519523
134,0.7944625993218157
135,0.8067112036012477
136,0.8734860051672124
137,0.6555084283227597
138,0.6895575944600993
139,0.7976552779263458
140,0.847228033187495
141,0.8661701948532232
142,0.6169456423417516
143,0.7388330169174785
144,0.853796898254447
145,0.7261009163343273
146,0.9566187096929217
147,0.7437580427493444
148,0.2907001837719392
149,0.7622844105819048
150,0.7466392536440418
151,0.7342285279959463
152,0.6143862567213785
153,0.8065776059998888
154,0.7858712115715218
155,0.8012925641609375
156,0.7955353692294029
157,0.3380199094187029
158,0.7342285279959463
159,0.7843065987227409
160,0.37594184510356554
161,0.8831270129203033
162,0.7729059816796922
163,0.5818435029993144
164,0.7987932502521683
165,0.36353045306639387
166,0.6183280385135074
167,0.9141211739187635
168,0.5714854962819894
169,0.6631872424390879
170,0.8946664164298719
171,0.4585723413561722
172,0.6667264361965701
173,0.7597935967780449
174,0.6945912465613509
175,0.6425404809807527
176,0.5147386614566251
177,0.710053301572272
178,0.6742195427150695
179,0.34074248616259667
180,0.6108710548518569
181,0.8820642553123932
182,0.7174654117384969
183,0.8616280026069247
184,0.762515284565308
185,0.7036318471617455
186,0.7183141749010754
187,0.7715775843658702
188,0.87764061701084
189,0.36499590679369415
190,0.8298653839238542
191,0.7342285279959463
192,0.4660531536768111
193,0.8724342044646033
194,0.8022870648384434
195,0.7853041708470978
196,0.4506399714007796
197,0.7637874518028105
198,0.9057338546424821
199,0.5748871211909454
200,0.7799468754052644
201,0.7975314511803615
202,0.7656556264325575
203,0.7544320575326209
204,0.7301643056674042
205,0.39866473055308915
206,0.6736780976874015
207,0.8446106157769193
208,0.321655923258385
209,0.9083056605725793
210,0.8438058023270888
211,0.8026986931114064
212,0.8152578608476142
213,0.5769389772084017
214,0.7868798791966285
215,0.7056027621261612
216,0.7747532594132833
217,0.5469705315412497
218,0.45328140741181683
219,0.8607782068191705
220,0.8298175303293847
221,0.8085535923937508
222,0.37192189279989707
223,0.7099766110335833
224,0.585686701513697
225,0.5143015882801121
226,0.7342285279959463
227,0.8166280098265325
228,0.8655461747580316
229,0.45618779242129187
230,0.8268241232168163
231,0.7734241555536506
232,0.9017491165188221
233,0.7241752057706935
234,0.8123100339683291
235,0.6425544951844983
236,0.8577047472669858
237,0.6815590648568033
238,0.5257998810409071
239,0.8528639795657434
240,0.46825005664091923
241,0.8935753051176705
242,0.8591902258005417
243,0.6835128051961782
244,0.6299352153931608
245,0.8608677185372172
246,0.8665188244482795
247,0.8653702467008215
248,0.7741248799717321
249,0.6616366521279945
250,0.6737871643482547
251,0.5258447248633688
252,0.603717464665748
253,0.8239641443244594
254,0.5290839821216031
255,0.9155261878834844
256,0.8839602778845356
257,0.7342285279959463
258,0.9327263100860311
259,0.5673551312346062
260,0.6592495227408686
261,0.8264020862213431
262,0.7731107199229892
263,0.8946857007063954
264,0.9494941652311981
265,0.8496580969378795
266,0.8842992269537552
267,0.6565288398356429
268,0.5250457168537989
269,0.49577269638927907
270,0.6699044380392903
271,0.8470481365985586
272,0.873503344757585
273,0.8401834293216848
274,0.8952708265851613
275,0.8359232903193122
276,0.8356016093902412
277,0.8607006853109604
278,0.7260025299522305
279,0.6102851676140569
280,0.3352120719144145
281,0.9432216884583985
282,0.6213516510895137
283,0.6363879852184139
284,0.9651794076511009
285,0.9106354241294012
286,0.7567864794968776
287,0.5862685127260902
288,0.768359682908432
289,0.7998386914326897
290,0.6954922250072897
291,0.8062046438350075
292,0.7446943697274782
293,0.761906466915713
294,0.7822911692260043
295,0.7689829436204115
296,0.4336194819095932
297,0.8958107094054374
298,0.7094202717999885
299,0.8825254284938193
300,0.48067097624001226
301,0.8234246990346261
302,0.8897918802029413
303,0.8398272551221685
304,0.8190921001470988
305,0.6592495227408686
306,0.7151814349986644
307,0.550147031777966
308,0.7914150622967404
309,0.24187874455256836
310,0.6737871643482547
311,0.8985243492881333
312,0.886930050358881
313,0.8482113618479288
314,0.8690450654235602
315,0.6883808382955938
316,0.6410058541986544
317,0.371264479865413
318,0.7491946105834568
319,0.9105221691282502
320,0.24187874455256836
321,0.8026415843927084
322,0.7991728040051795
323,0.9097704267114812
324,0.6960468739984242
325,0.7740144050336023
326,0.50523155785519
327,0.6853148553935959
328,0.7928850432200588
329,0.5627513796316138
330,0.43998323196503064
331,0.8706853825771768
332,0.785915904223527
333,0.6588678087321224
334,0.8624114184169744
335,0.7342285279959463
336,0.7385232852335045
337,0.7586797043813179
338,0.8422804343369079
339,0.7161037752997904
340,0.9067324466518519
341,0.7722369548451852
342,0.9443732528880191
343,0.7612059894301086
344,0.6755730511060223
345,0.8019091049595356
346,0.7552397877902779
347,0.8856357875990273
348,0.6705652464588285
349,0.8648174874374395
350,0.8243750322257483
351,0.8031331013074193
352,0.6918991606375949
353,0.802856602653632
354,0.8895022915220692
355,0.8749619407917537
356,0.4747894218323873
357,0.8696638804237384
358,0.7774799661754141
359,0.6838799945099442
360,0.8219753319555666
361,0.8115569219729615
362,0.8543128815952601
363,0.8729008843050664
364,0.8670043643837381
365,0.8672389861944992
366,0.7849885898046861
367,0.5456833566764391
368,0.8892799546724163
369,0.8039121583410982
370,0.6770098498330982
371,0.60744990661836
372,0.8491610880885845
373,0.8744415459845716
374,0.843205320517219
375,0.927746421955017
376,0.6889521950041027
377,0.8083435368282722
378,0.7098459285734859
379,0.7857998476460716
380,0.8372559131304895
381,0.7601170579788932
382,0.622826509489767
383,0.7861002947426087
384,0.8199443958917509
385,0.6815985229238971
386,0.7999825470694092
387,0.6877852904546754
388,0.6133380049225626
389,0.8451902482067926
390,0.7972198417645795
391,0.7655034375363886
392,0.8141662561491355
393,0.9196084859801742
394,0.7462913314027417
395,0.8072631416153595
396,0.26632407793927143
397,0.8511617277736488
398,0.7035607623875018
399,0.7929114894707063
400,0.7735607282761944
401,0.8398682384879274
402,0.8724939616949857
403,0.7890486093356046
404,0.8243057640167598
405,0.7257143019883475
406,0.7933570978712094
407,0.8391087985502176
408,0.8492838260811585
409,0.892290168647719
410,0.6676111124654182
411,0.8854100525584356
412,0.746954015514134
413,0.8776426544206001
414,0.8451080335576232
415,0.6267163091379694
416,0.6592495227408686
417,0.7324230919249918
418,0.5689164873461046
419,0.7610230873261007
420,0.7500120623098598
421,0.36098339955966585
422,0.8041181694228474
423,0.8198964043735261
424,0.5212827721582527
425,0.7807076328008238
426,0.703478496461884
427,0.7701940947397338
428,0.9000446546631292
429,0.9198888873448942
430,0.5189378384149665
431,0.7601333448592387
432,0.7354010486402583
433,0.615382065788331
434,0.8109735322374805
435,0.8783485496038604
436,0.8762402379653658
437,0.784600909476397
438,0.5220223494971206
439,0.7017289501439913
440,0.8664733713995587
441,0.9083761579652898
442,0.6712498539194968
443,0.6951347656603047
444,0.8766974209036349
445,0.7947739129149525
446,0.538651082518089
447,0.8210650191234361
448,0.7708395597189976
449,0.5099259384453743
450,0.9257662914566132
451,0.7210183089095837
452,0.7704596004136464
453,0.9172038887322137
454,0.7939771414961314
455,0.8831681010360874
456,0.577232272301697
457,0.778428006280224
458,0.888375593495774
459,0.4804750634902754
460,0.8557371478211088
461,0.8756438748613797
462,0.4923503705618189
463,0.9137872094516621
464,0.65135297517726
465,0.890864769571023
466,0.5133948539125632
467,0.351874690209083
468,0.8941643376418817
469,0.8252294664653568
470,0.6086598093197666
471,0.6054632970106606
472,0.7261469844378362
473,0.7377873989518867
474,0.6428430048930803
475,0.5962339891773146
476,0.48214799473339925
477,0.7886968456284584
478,0.8834988824668084
479,0.757493843651185
480,0.8008546389743862
481,0.8280576495673931
482,0.8543571455715023
483,0.9082976540855717
484,0.8721059700848027
485,0.8681615149567935
486,0.817461304218444
487,0.5827503875308914
488,0.8192862051455785
489,0.9459011880261624
490,0.7936484498530461
491,0.829602654827108
492,0.7342285279959463
493,0.8144096701990643
494,0.7737443258783062
495,0.6285781005934246
496,0.48087966903425783
497,0.6751106940833825
498,0.43338634969945483
499,0.8546695038133136
500,0.6942950328741105
501,0.9277608887621935
502,0.8067115422760868
503,0.8018277843765129
504,0.7471002254910101
505,0.7868864432396482
506,0.8419990641114286
507,0.8854952817800996
508,0.7449925611881748
509,0.8883197777146028
510,0.7159069120611612
511,0.6360827194004406
512,0.7818507827213562
513,0.7611891881187496
514,0.34487502911965545
515,0.6373376122791522
516,0.6108113010940048
517,0.7733508388409849
518,0.7913772974961767
519,0.9286082283509006
520,0.7065617155329432
521,0.6846737572960575
522,0.8636011630795277
523,0.6247315201432851
524,0.9429825051276367
525,0.8624510422116001
526,0.6886921287088016
527,0.9282031037070817
528,0.8444057301063171
529,0.8598676637276134
530,0.8781440510050647
531,0.5653178993375242
532,0.7851714703842163
533,0.7621517018680173
534,0.7356130102784791
535,0.6442705754715797
536,0.7769329726807453
537,0.5006749844229088
538,0.6394819800940967
539,0.26632407793927143
540,0.7312013230004752
541,0.8003088592871992
542,0.7793554844480736
543,0.7874945709123269
544,0.7087260383477015
545,0.48812228202849045
546,0.18857519475654103
547,0.817003519097759
548,0.7306518602713203
549,0.801529369442088
550,0.26632407793927143
551,0.5550935239135427
552,0.7363706784526661
553,0.807840198680134
554,0.8382228498173256
555,0.7800202910159408
556,0.5920346863632256
557,0.6995001212981234
558,0.861171994616724
559,0.6816290322547796
560,0.8364960794580444
561,0.6033808887800179
562,0.5898113090632074
563,0.6107784567793385
564,0.6062202572132117
565,0.6584909625840254
566,0.7647442144244665
567,0.28879360436313156
568,0.7340722524802904
569,0.5719919082809657
570,0.8341418482834385
571,0.6407973247036256
572,0.8266823947599115
573,0.8041132208355831
574,0.656861655843974
575,0.7842167272636794
576,0.7172195226486774
577,0.7125664412936649
578,0.7344453870622385
579,0.7070446375108529
580,0.6888278278369974
581,0.8305665966926146
582,0.28879360436313156
583,0.6022238614729851
584,0.5831131328399828
585,0.7783070996631163
586,0.903710051659222
587,0.9004206588243424
588,0.5519406465991632
589,0.6836851269050986
590,0.8943538367039778
591,0.6002505310852573
592,0.6592495227408686
593,0.7974659949318345
594,0.7156645246001897
595,0.8343936781409723
596,0.9073610159480541
597,0.5323565053241864
598,0.5769113083643118
599,0.7671333622006173
600,0.7342285279959463
601,0.21534621732702708
602,0.8793208228348489
603,0.7379624214035496
604,0.9049119694519003
605,0.5013561707917863
606,0.6245660755262019
607,0.4182591122053641
608,0.8565166786013868
609,0.888334583549748
610,0.8236813121508503
611,0.7342285279959463
612,0.6683184961136984
613,0.6801622227825397
614,0.6402395611290492
615,0.7031220870377607
616,0.8718666943362579
617,0.8204485877784768
618,0.7442408616352912
619,0.6807402681810177
620,0.7342285279959463
621,0.4783927788046713
622,0.6117955801144697
623,0.6843112121024376
624,0.5316794059541002
625,0.7359317931218518
626,0.8579740991456476
627,0.861993050010063
628,0.6989295053590372
629,0.8805326339650094
630,0.5836807181364484
631,0.8012925641609375
632,0.7760951757381241
633,0.768404186000452
634,0.6671179641347147
635,0.8681773452678334
636,0.8335128403941957
637,0.7324514990715619
638,0.9027557137943781
639,0.8596933354194394
640,0.6016574541673825
641,0.7496044300191981
642,0.3936378929597624
643,0.5506362851531137
644,0.7166920693602793
645,0.7330263157070858
646,0.7715462241051988
647,0.6424110760220159
648,0.7342285279959463
649,0.9013297656517759
650,0.6622331228450877
651,0.6094849956423587
652,0.7852005194894663
653,0.7727079884763756
654,0.7931649634322441
655,0.24900455396629528
656,0.7178838465111838
657,0.7497628530567808
658,0.7540737565591518
659,0.5341281525026909
660,0.5569978651314594
661,0.601216982356309
662,0.8239174605322591
663,0.8112042338948626
664,0.5567677325996857
665,0.9503959002238772
666,0.8088380296735218
667,0.5309756396652789
668,0.798291012163929
669,0.704199565730317
670,0.7227235264634574
671,0.8524989979842362
672,0.5729336751479464
673,0.9173695042364959
674,0.7493539455697333
675,0.8204028528590971
676,0.8468762691462739
677,0.877990444875971
678,0.7944848328738583
679,0.7859739164179897
680,0.870094818618315
681,0.8550505339990694
682,0.8712907970443304
683,0.5519216256740134
684,0.7342285279959463
685,0.5055980995057601
686,0.5524682269629954
687,0.9116825362369473
688,0.6816231227935441
689,0.7926736585786067
690,0.8346118082151127
691,0.7220160798806148
692,0.7996818160882893
693,0.7487137322667065
694,0.6212459899438719
695,0.7048301757034172
696,0.8694681954618344
697,0.7581272069872264
698,0.7284312906857662
699,0.7440782699812095
700,0.26632407793927143
701,0.7496044300191981
702,0.24084410935684683
703,0.7741364361162407
704,0.6715500983051749
705,0.7452564350336592
706,0.646364085529483
707,0.7483288024841502
708,0.9046694843975511
709,0.26755509521386645
710,0.6916267217089799
711,0.49849166987254845
712,0.8967397289788832
713,0.809378260879268
714,0.8664294876593021
715,0.8591984261090174
716,0.5693103721455025
717,0.8938583840681477
718,0.878796795609328
719,0.7021732781588916
720,0.7714490854435392
721,0.26632407793927143
722,0.794039150290746
723,0.7902355089940454
724,0.6704251086972726
725,0.7532308317244126
726,0.905630150390244
727,0.9647411832355319
728,0.682730067685462
729,0.8027006253942122
730,0.7388361046506983
731,0.7293021548299967
732,0.7488217434390582
733,0.9151730730994995
734,0.7940407607062829
735,0.8467751449114501
736,0.7068859889710891
737,0.918016940220191
738,0.7981077534881388
739,0.75282598719655
740,0.4420874268556103
741,0.13371856260000753
742,0.7655947707818653
743,0.882845756561235
744,0.8846990353179303
745,0.6830069660193988
746,0.6765450964717921
747,0.7189691548152394
748,0.8632409972172196
749,0.8389689726385137
750,0.6624263309527596
751,0.6737871643482547
752,0.6708364078354813
753,0.7462292134760187
754,0.670373129102245
755,0.7445550932009327
756,0.8715933841786835
757,0.9591435712746025
758,0.789167754722992
759,0.7571936685567782
760,0.7342285279959463
761,0.9343977907166459
762,0.659267075246947
763,0.9023145241596989
764,0.705905318494592
765,0.8145535277932653
766,0.8253485834422174
767,0.8429706357561284
768,0.873398240633508
769,0.8067501902299995
770,0.6206926879601177
771,0.6256304377614764
772,0.7664591403686091
773,0.7118474232098851
774,0.6395011012023909
775,0.2907001837719392
776,0.9527818618792157
777,0.47050144144840483
778,0.3326002827453723
779,0.7585814043691463
780,0.774518247781971
781,0.8546935570196177
782,0.7927706877852962
783,0.9030308177584359
784,0.8317610072698405
785,0.8757363796222329
786,0.5280224439871728
787,0.6634219263437788
788,0.9076720651765792
789,0.7715204240440977
790,0.8606906322933597
791,0.7448042359003494
792,0.9325531268818609
793,0.4808317536070974
794,0.8670660217625727
795,0.8347372206883382
796,0.6780768829863962
797,0.8408623964352693
798,0.7888293887547888
799,0.7191338941895369
800,0.8927976725397165
801,0.8358636043456774
802,0.7379855371788017
803,0.7549205623887165
804,0.7141902216502877
805,0.6013509044496742
806,0.6518177100251203
807,0.8706996002150775
808,0.6953944889307874
809,0.34608990829201847
810,0.8657306800674249
811,0.5276489444831737
812,0.7954224092731015
813,0.7924391840777125
814,0.8335997328591276
815,0.7580787361865918
816,0.7342285279959463
817,0.8413044445488497
818,0.6010212614107987
819,0.8608601675486295
820,0.7468548561548051
821,0.7875724417690944
822,0.888883998237043
823,0.7762067377948415
824,0.900235192938408
825,0.8723855553110221
826,0.8092880143679347
827,0.7910536722016404
828,0.7752454677605228
829,0.8465222994107525
830,0.6590547994443776
831,0.3717887860764007
832,0.6053288179988912
833,0.8119903032552785
834,0.7543926024736912
835,0.8545798582364266
836,0.7342285279959463
837,0.779462005498325
838,0.8248712247401996
839,0.8747022729180911
840,0.6127323729719923
841,0.6351182257681706
842,0.26632407793927143
843,0.8211974518348012
844,0.7881832728756288
845,0.8823866197298442
846,0.9083624638313429
847,0.7735517179106554
848,0.8658644607968972
849,0.7775185117898589
850,0.8418066679632394
851,0.7963699577102391
852,0.5471191104153688
853,0.8382064934980615
854,0.9149996590593846
855,0.19732889625775415
856,0.8661368838985168
857,0.8805012687635009
858,0.4375114768060139
859,0.6220340579660099
860,0.559484915759256
861,0.6490851443171057
862,0.8542255377597349
863,0.8575891025382744
864,0.8147029444405474
865,0.7538841889964306
866,0.8896277732082212
867,0.6964431807043775
868,0.783468562676649
869,0.8352207685885353
870,0.6617811001782038
871,0.6824082465272358
872,0.7328259975987208
873,0.604435990973906
874,0.7268971262412257
875,0.6443579097769506
876,0.8637388880903891
877,0.7617324754470154
878,0.5271982882438533
879,0.804173867912218
880,0.9050347490141328
881,0.7832102479539214
882,0.8952708265851613
883,0.8201813863117416
884,0.8561545621306791
885,0.6679788765622097
886,0.6159151575670626
887,0.8962306016834622
888,0.8720261616356264
889,0.8379842259805235
890,0.6806396517092349
891,0.6203571013864283
892,0.3202891265707586
893,0.8213375147279329
894,0.7681306142614895
895,0.9383868013023666
896,0.6478003353271358
897,0.7921348613246503
898,0.8402686715725067
899,0.9444433476992389
900,0.7712651963926073
901,0.7521742802315204
902,0.8867112036079101
903,0.8355179608674553
904,0.3426518949866645
905,0.7700300088923719
906,0.7456841957679698
907,0.883281628958406
908,0.907261402295594
909,0.6515246840379882
910,0.7997586605355307
911,0.4470274598500111
912,0.6696923923544131
913,0.8279897967478322
914,0.6357304578028175
915,0.8317456209605794
916,0.8157233480226955
917,0.5796115461571382
918,0.5125542067076532
919,0.8037790820073065
920,0.9065913579695896
921,0.8451080335576232
922,0.8383964015210618
923,0.657841549361009
924,0.9241276939622048
925,0.7512615640216045
926,0.7062205243581947
927,0.8749818722927571
928,0.65428213788353
929,0.6893761579170423
930,0.6000707139908922
931,0.46016340137431755
932,0.6612183782019252
933,0.8576748725046537
934,0.8130310095693769
935,0.9290443167737812
936,0.7778445235856339
937,0.8896259257290925
938,0.8598847889146872
939,0.906397498810034
940,0.5277442582378533
941,0.7737896474599999
942,0.7452007618342977
943,0.671929708502634
944,0.8234246990346261
945,0.8006173131100178
946,0.8372559131304895
947,0.8741106908213175
948,0.9087226368423038
949,0.669894127580137
950,0.8093232543021464
951,0.6111737232711196
952,0.7728859653384753
953,0.6476849038089906
954,0.4967724529530004
955,0.8702073407294731
956,0.7547568479976109
957,0.7554514941989866
958,0.7030105081761465
959,0.7756615997516696
960,0.28106743107761417
961,0.814296874586692
962,0.8088463868425988
963,0.8818887876884713
964,0.7473934561501571
965,0.6017932476820577
966,0.716726473032306
967,0.6860759589260085
968,0.8579740991456476
969,0.6899111424868082
970,0.8077505073602468
971,0.8976119698953504
972,0.8219729386846757
973,0.7425269418386377
974,0.9011989705653003
975,0.7342285279959463
976,0.6514167689439575
977,0.7840598830673747
978,0.608572994160698
979,0.5906452833867715
980,0.7029210079511384
981,0.9105086496657304
982,0.7103328979423148
983,0.7896205003564591
984,0.3339328719142705
985,0.7320893475682564
986,0.6269638551411219
987,0.8510902786469972
988,0.6071536587112321
989,0.8683065617828591
990,0.7566685253834142
991,0.3405110763066006
992,0.8021182584806503
993,0.5929342900308616
994,0.9401344463269261
995,0.7874381058041894
996,0.8183761101552187
997,0.8648861559189933
998,0.7435151594249751
999,0.8499776002620174
1000,0.9126962615365777
1001,0.80403900759209
1002,0.7071132396057899
1003,0.806496938823999
1004,0.6549579328443722
1005,0.6993726380227177
1006,0.8231914026834253
1007,0.6421292364423468
1008,0.6850503087114804
1009,0.71464600032424
1010,0.7459655841403154
1011,0.7809127451950167
1012,0.8313845706835036
1013,0.8809298675302387
1014,0.7500799743114098
1015,0.5628685423708063
1016,0.886624125760115
1017,0.9047267804216745
1018,0.7342285279959463
1019,0.6411026607455169
1020,0.7668855297686461
1021,0.9309658683336599
1022,0.8203289715732207
1023,0.5854888303145275
1024,0.7897810056886505
1025,0.7411288492763078
1026,0.8451080335576232
1027,0.7774289345388458
1028,0.8541428068010108
1029,0.8846478261545488
1030,0.9019500741350448
1031,0.6195288372963696
1032,0.6943565054615815
1033,0.8810045357360242
1034,0.5042652206060158
1035,0.8611145662123352
1036,0.4120971277454976
1037,0.45569261528829225
1038,0.8282912873676385
1039,0.9338837011213776
1040,0.6990175342684475
1041,0.7106934607953923
1042,0.7520869168430633
1043,0.6073520656119116
1044,0.6580111038401499
1045,0.6531841650261904
1046,0.4956184516752462
1047,0.7227819989195027
1048,0.8928358293852096
1049,0.7779484050538652
1050,0.7474454500663293
1051,0.8601999811700994
1052,0.8034603022296513
1053,0.7426021616452585
1054,0.9027935929787718
1055,0.6655199965240534
1056,0.7741871622669716
1057,0.7509496477905949
1058,0.5273281812593222
1059,0.5623173670819159
1060,0.7210965631305467
1061,0.7731832495129002
1062,0.8398400663196078
1063,0.7331551351839113
1064,0.8435417764623023
1065,0.57852424501337
1066,0.509562353621016
1067,0.8618232935777245
1068,0.9279237703970244
1069,0.9450806998158086
1070,0.7306885393399185
1071,0.8043977750870887
1072,0.7180482411423535
1073,0.5329509077152108
1074,0.8925680763366843
1075,0.6835019612020173
1076,0.9202922824343382
1077,0.43456982752819606
1078,0.9193951615181423
1079,0.6763684937803703
1080,0.6568703940603624
1081,0.9273926251993192
1082,0.7677138685179019
1083,0.8111550220833209
1084,0.8791850139629759
1085,0.8853194868604868
1086,0.665201907935426
1087,0.8181859364386352
1088,0.9234262698885415
1089,0.8967449438897725
1090,0.8738885972141404
1091,0.8945479330707591
1092,0.842933639943905
1093,0.6793523559139896
1094,0.6931429092915679
1095,0.9091396775019963
1096,0.9140811809325531
1097,0.7147290173222809
1098,0.8298878298987931
1099,0.5065068290795512
1100,0.7507451275150401
1101,0.7409043016964695
1102,0.2792064135146982
1103,0.7942549929932156
1104,0.5748157168282724
1105,0.8360922704716088
1106,0.7526003776050195
1107,0.7017971343909678
1108,0.790438950155138
1109,0.9076588404375819
1110,0.7350023231556647
1111,0.8073531169416103
1112,0.2646555946534058
1113,0.5292153117394683
1114,0.3702262934573423
1115,0.6052540517707435
1116,0.9008005908733883
1117,0.7661859099970102
1118,0.7710642742705693
1119,0.823719430830953
1120,0.7984624311414935
1121,0.787228743181454
1122,0.7264431389937203
1123,0.8992204717802904
1124,0.7734241555536506
1125,0.658377056554417
1126,0.7443503580593034
1127,0.9050637612587432
1128,0.8367346947874381
1129,0.6572931221790511
1130,0.8063451540962219
1131,0.8737520109467406
1132,0.5821768706032275
1133,0.8919739720804197
1134,0.7086799541495191
1135,0.6750132782434888
1136,0.6784240298863086
1137,0.9196007947245701
1138,0.9155716102995738
1139,0.7726697473054267
1140,0.8913802904031388
1141,0.8483973394782094
1142,0.8268028324997547
1143,0.8796487678405689
1144,0.8370289538129609
1145,0.7698994471920986
1146,0.757439678273911
1147,0.8893259149144107
1148,0.8506055704121499
1149,0.8710134452766657
1150,0.9248683922451835
1151,0.585152170991399
1152,0.3365011722550634
1153,0.5318461084767913
1154,0.739362482448491
1155,0.8512869825571182
1156,0.7418735284722258
1157,0.8741378923108956
1158,0.7846565664127041
1159,0.7000585233817103
1160,0.8759044130967527
1161,0.7943769033607353
1162,0.6222504571320201
1163,0.5133948539125632
1164,0.728623537407502
1165,0.8796342563357915
1166,0.6604744394180417
1167,0.8417096224697814
1168,0.8241758090571268
1169,0.7342285279959463
1170,0.6690659648825932
1171,0.7274829540493378
1172,0.8232087048969887
1173,0.8569093203190734
1174,0.714083351374057
1175,0.6380673065672277
1176,0.7196240891750235
1177,0.7773803472679854
1178,0.7278986918011067
1179,0.8246148064750706
1180,0.8615164332090192
1181,0.8903356167973693
1182,0.8122071894536936
1183,0.9467200886174308
1184,0.6748948891209886
1185,0.8837406765335271
1186,0.7427507706489438
1187,0.9112761712514963
1188,0.8852762353212233
1189,0.9169914104788637
1190,0.8358555664753068
1191,0.7822392163869859
1192,0.5931549672832894
1193,0.7096060001164126
1194,0.6596342837796563
1195,0.33897250358858994
1196,0.7490992487820467
1197,0.7773284662285554
1198,0.6680430330708107
1199,0.7490113367359081
1200,0.790671145131974
1201,0.8342908498228153
1202,0.8934560245254678
1203,0.737786243785761
1204,0.669161614221547
1205,0.7701701654769166
1206,0.649039321333653
1207,0.7703144877496283
1208,0.7922062738286513
1209,0.36353703464648657
1210,0.8917097457740304
1211,0.8451080335576232
1212,0.6217245280081317
1213,0.8627550567611592
1214,0.6905482134457056
1215,0.6505226722726624
1216,0.8859111100957803
1217,0.6245359901144552
1218,0.5264370850036483
1219,0.7342285279959463
1220,0.742589011932447
1221,0.35106776039786414
1222,0.8159958493245411
1223,0.383258846114432
1224,0.6500991659406739
1225,0.6998921377403093
1226,0.6118834804518528
1227,0.7385544058846728
1228,0.7223847458754616
1229,0.782148059934897
1230,0.6294359248211161
1231,0.9082353850954835
1232,0.7097115261379517
1233,0.8627028535733231
1234,0.843605145739781
1235,0.8244113542350909
1236,0.6561690062447201
1237,0.7342285279959463
1238,0.566318647172542
1239,0.8682695960978789
1240,0.8196402207012949
1241,0.873054222261839
1242,0.4470274598500111
1243,0.7763931153948096
1244,0.8653346949028005
1245,0.5632176620663838
1246,0.7343287642269392
1247,0.8334331121697098
1248,0.7046085154716358
1249,0.756386680594598
1250,0.5936071337925093
1251,0.8221441275831819
1252,0.6062136503430973
1253,0.776034120159899
1254,0.6527968488021924
1255,0.9125295866096376
1256,0.8729924226003227
1257,0.8893758950606442
1258,0.782842088510376
1259,0.6381428324867294
1260,0.8475939763154577
1261,0.8234246990346261
1262,0.8694826052738694
1263,0.6475650088155367
1264,0.7125918075492049
1265,0.8225996899774008
1266,0.6676036291759792
1267,0.8760577022558056
1268,0.8595408834104469
1269,0.6908569709835515
1270,0.6928204462156047
1271,0.3528188621369015
1272,0.7342285279959463
1273,0.24187874455256836
1274,0.7259102090328355
1275,0.5959478056419366
1276,0.9338886704340347
1277,0.7743651359118476
1278,0.8508164896767707
1279,0.7685555501302542
1280,0.6814011578518111
1281,0.26632407793927143
1282,0.684298169858252
1283,0.7342285279959463
1284,0.24187874455256836
1285,0.9044731405356572
1286,0.8448183392215988
1287,0.8157637717569075
1288,0.6048828177511196
1289,0.44600809157779736
1290,0.7513164920370943
1291,0.8798598262236775
1292,0.8191871440475653
1293,0.670408152888333
1294,0.7887497650990888
1295,0.7237114576863717
1296,0.8384686157769174
1297,0.8611211405594879
1298,0.85813709610487
1299,0.7342285279959463
1300,0.3981731890163623
1301,0.7581557329424704
1302,0.8616352308612608
1303,0.5871705606137798
1304,0.5918808306512862
1305,0.7533989423538814
1306,0.8478037696225416
1307,0.8405726126197024
1308,0.7542189808743684
1309,0.764785753568476
1310,0.8288153088853949
1311,0.8484231033483529
1312,0.7842200464247867
1313,0.6549747890282385
1314,0.7520771122677846
1315,0.5868655834553821
1316,0.5161359429984134
1317,0.8569046111055152
1318,0.581502365746325
1319,0.7831186162566638
1320,0.8191092395025711
1321,0.838126840459376
1322,0.748841135275357
1323,0.7824791004851568
1324,0.8286110925953628
1325,0.7837466257490375
1326,0.769813463351458
1327,0.7733439471565987
1328,0.3305933592810487
1329,0.8870538878033265
1330,0.807998515252088
1331,0.8096408744733212
1332,0.7998205584370669
1333,0.732421495484082
1334,0.7609632488557543
1335,0.4853764630447737
1336,0.8152420466958714
1337,0.6922134697913342
1338,0.8373138733276276
1339,0.7973175032794299
1340,0.9150326721226952
1341,0.9235252974198246
1342,0.7385655220563216
1343,0.9576732855762968
1344,0.6737871643482547
1345,0.7153308111603618
1346,0.8442091540902377
1347,0.829018882310039
1348,0.8776000092633826
1349,0.83041520872367
1350,0.8562270426142745
1351,0.8691592234525034
1352,0.8271891997202556
1353,0.886624125760115
1354,0.9345710525816784
1355,0.7331747783212724
1356,0.8256206409038044
1357,0.6181452537397095
1358,0.7920027596724851
1359,0.5314980566099488
1360,0.8918594860217277
1361,0.8516000720792454
1362,0.6965926449002453
1363,0.9104014450642827
1364,0.6266619290899775
1365,0.8005025570714087
1366,0.6717082220996361
1367,0.9024093223140873
1368,0.8092485277440928
1369,0.29729376216273373
1370,0.8563430513142779
1371,0.7065179675751302
1372,0.43592693934932586
1373,0.8090479009626134
1374,0.7198240840611332
1375,0.6677154817226942
1376,0.6589402335655118
1377,0.49680991111659734
1378,0.8870347593321818
1379,0.6975158463842459
1380,0.7438691551144699
1381,0.7864389528410658
1382,0.8793686514324206
1383,0.8219355746569837
1384,0.8301456795655179
1385,0.6482869402451662
1386,0.896800731894754
1387,0.7948670418912017
1388,0.6837783464546142
1389,0.5629671109202585
1390,0.7830318955416179
1391,0.8555452518070324
1392,0.8283678155607234
1393,0.4734928762312095
1394,0.8952708265851613
1395,0.6737871643482547
1396,0.8230784483246668
1397,0.6503262690670446
1398,0.747428390278862
1399,0.8187339030343243
1400,0.8618167541627413
1401,0.7591671065688581
1402,0.8779869164482761
1403,0.8511225333289878
1404,0.6036602332615374
1405,0.7412421069543039
1406,0.6403664284153933
1407,0.6977296458569381
1408,0.8961639468378606
1409,0.8982262518541722
1410,0.8012925641609375
1411,0.8394083626948835
1412,0.9081171978598334
1413,0.7817540379489599
1414,0.8939047997577049
1415,0.7440876904339527
1416,0.6545796944509813
1417,0.2907001837719392
1418,0.5714506825394365
1419,0.3871748644651193
1420,0.5862612496902954
1421,0.683006519106812
1422,0.5332438246572353
1423,0.8286222424655033
1424,0.5906283468472648
1425,0.464208053285683
1426,0.7112761033119507
1427,0.750427066249027
1428,0.8886099325699428
1429,0.868362707150761
1430,0.5749178024371085
1431,0.6012335304247743
1432,0.7000440303577431
1433,0.8988676087918154
1434,0.2319600888985861
1435,0.7697852736373181
1436,0.8981189717769452
1437,0.8066352907722252
1438,0.835161403462763
1439,0.6606198015807212
1440,0.26632407793927143
1441,0.530484833322636
1442,0.8161799179949244
1443,0.9049482900384396
1444,0.7495870515653583
1445,0.8012057195895599
1446,0.8580438288878174
1447,0.7733510249821447
1448,0.7611891881187496
1449,0.6087230214118527
1450,0.9080131932402038
1451,0.7342285279959463
1452,0.8055895656901431
1453,0.9106607485638064
1454,0.8535715282647788
1455,0.8015836694172476
1456,0.8996327869919875
1457,0.7771677299637131
1458,0.6614819589544302
1459,0.26921573527044423
1460,0.5133948539125632
1461,0.5421007482217631
1462,0.7400266784818655
1463,0.6745463999543606
1464,0.8950441710235802
1465,0.7243679854271342
1466,0.6963385512051092
1467,0.7619123006361507
1468,0.7342285279959463
1469,0.9216580272122978
1470,0.7319848171386274
1471,0.5031274231137322
1472,0.6848481965304662
1473,0.7817604494261139
1474,0.6148501670997156
1475,0.5742908613123155
1476,0.6337972780296701
1477,0.6919741795537613
1478,0.7254820122726853
1479,0.8712285058168179
1480,0.7342285279959463
1481,0.7979128986879825
1482,0.9155027013053288
1483,0.9223144402871712
1484,0.4470274598500111
1485,0.6579128632502677
1486,0.7328259975987208
1487,0.831429462007611
1488,0.767490230100427
1489,0.6797344118170846
1490,0.4919936516470472
1491,0.6098635194168285
1492,0.7765411525874097
1493,0.7190648590150353
1494,0.572370575929264
1495,0.7461312981070881
1496,0.8111057920933392
1497,0.8319456161817536
1498,0.8188067345835282
1499,0.5700189766761222
1500,0.8832108688018007
1501,0.8129242042182555
1502,0.7860740572779212
1503,0.8998407153869378
1504,0.8824005902681895
1505,0.9000932657968751
1506,0.26632407793927143
1507,0.9047451862168325
1508,0.878146794249145
1509,0.7233484325352604
1510,0.8585349559880318
1511,0.8662427244785456
1512,0.49316003324013247
1513,0.6545969045036537
1514,0.8022421988088925
1515,0.7342285279959463
1516,0.9028528400922807
1517,0.8225996899774008
1518,0.7561321469339973
1519,0.8575937568694574
1520,0.8227077822038186
1521,0.6797094038519531
1522,0.5065268138253683
1523,0.8192893582276046
1524,0.8578570437530917
1525,0.8664294876593021
1526,0.8620842957129937
1527,0.697792124678895
1528,0.6508520935499189
1529,0.9124887935605449
1530,0.8673899082443056
1531,0.7112924946861451
1532,0.7342285279959463
1533,0.7342285279959463
1534,0.6226873962933486
1535,0.5364182815123352
1536,0.8749561858087489
1537,0.7868904310609699
1538,0.8436537685110764
1539,0.7013914010861861
1540,0.7801435348705537
1541,0.7618732358806816
1542,0.9183079707985015
1543,0.6737871643482547
1544,0.6572324582359426
1545,0.8390659952059638
1546,0.9282484325636207
1547,0.8234246990346261
1548,0.8336347972847071
1549,0.8753574590970818
1550,0.8547768125557433
1551,0.8943715118138521
1552,0.9387890591363407
1553,0.7915629093423924
1554,0.6683091935131699
1555,0.8737294180700554
1556,0.7942224391979912
1557,0.8736140792463722
1558,0.8983014991555393
1559,0.7326836966039592
1560,0.878309354859059
1561,0.7026763936323782
1562,0.6305801358412713
1563,0.7443040431880357
1564,0.6422690068539094
1565,0.7725143879525128
1566,0.8039013476033486
1567,0.8374595630089735
1568,0.8643931048404181
1569,0.9228437028595993
1570,0.4373683872797896
1571,0.8612901413450609
1572,0.7342285279959463
1573,0.74331865029943
1574,0.8564433113294476
1575,0.5930582065769692
1576,0.8544252138334603
1577,0.9418739250434259
1578,0.7984774210211716
1579,0.8558409728733201
1580,0.7959587706884522
1581,0.5807681194244627
1582,0.7305036551031177
1583,0.8016573962687452
1584,0.6778662172908696
1585,0.9184785092705099
1586,0.9274024216944254
1587,0.8222155984159347
1588,0.8393519859054506
1589,0.7892184654212058
1590,0.9512981877086389
1591,0.5400163836248006
1592,0.7452760165902249
1593,0.6589244861652023
1594,0.8613368561444514
1595,0.72350666049581
1596,0.9504681468661009
1597,0.9093310073807344
1598,0.8332851301361128
1599,0.8844615866132021
1600,0.8476783696238389
1601,0.635149587310324
1602,0.7140901147051754
1603,0.7745916248809231
1604,0.7443373021796822
1605,0.736385859301426
1606,0.3085923010105853
1607,0.6352018040153786
1608,0.8274752022142182
1609,0.5525200523642011
1610,0.8981037204540302
1611,0.7034262945916551
1612,0.8074337993155232
1613,0.26632407793927143
1614,0.5694802472975765
1615,0.900248343809431
1616,0.532903745220906
1617,0.669064047011076
1618,0.5728714204755161
1619,0.622095816592541
1620,0.7970900459931992
1621,0.8859888831427862
1622,0.6559999707536234
1623,0.8860997775639352
1624,0.39416339324110056
1625,0.6590305114908817
1626,0.828057561314105
1627,0.8615729961922006
1628,0.9129987255659856
1629,0.8391817395929888
1630,0.4367811408313351
1631,0.6009538183788069
1632,0.8264917790748408
1633,0.7566111725289882
1634,0.8310662943936811
1635,0.7935534689946429
1636,0.7079986462816508
1637,0.821450763344739
1638,0.7517265276731063
1639,0.8702316720142907
1640,0.8759351993532634
1641,0.786663390724664
1642,0.7739303056770408
1643,0.7491854690999606
1644,0.7667211029360606
1645,0.6157843924592971
1646,0.8540053195150938
1647,0.7634691989421692
1648,0.7885428003049282
1649,0.6896189432921155
1650,0.8204880515594196
1651,0.7255430733523285
1652,0.6909934732448189
1653,0.8074155816284205
1654,0.49287919053712337
1655,0.8035465433557009
1656,0.7301672899637793
1657,0.8063532703192778
1658,0.8109191946295223
1659,0.930980901565425
1660,0.5725485807503549
1661,0.24187874455256836
1662,0.8556484913106214
1663,0.8236983455184554
1664,0.7348987019526104
1665,0.7342285279959463
1666,0.6824573108163395
1667,0.7293468700821241
1668,0.7690278208930309
1669,0.5528553843758681
1670,0.9307104779299206
1671,0.7341091651601724
1672,0.8971298135012539
1673,0.6381453693310918
1674,0.6912378934996914
1675,0.6954391939065816
1676,0.34859151141800643
1677,0.7669561827091557
1678,0.6071734773991637
1679,0.7248562113753768
1680,0.8026031971017918
1681,0.7742747427450486
1682,0.7834452916045068
1683,0.8088574271089408
1684,0.8270889074756838
1685,0.8359088397025467
1686,0.8282064525095705
1687,0.6212138070190915
1688,0.49355873765058733
1689,0.688763467870292
1690,0.7925534714554247
1691,0.8227879803858463
1692,0.6533384132344611
1693,0.35106776039786414
1694,0.7159583662218679
1695,0.675318488505869
1696,0.7717690868811607
1697,0.8896761976524546
1698,0.9019795056427811
1699,0.7368788413420833
1700,0.8690180436509017
1701,0.7946651743469887
1702,0.6363112452214114
1703,0.8766008978125223
1704,0.7463655565076367
1705,0.9225575154148015
1706,0.8155728093199305
1707,0.6592495227408686
1708,0.26632407793927143
1709,0.7105167897814557
1710,0.48213315543222984
1711,0.606358548460872
1712,0.6760888584292455
1713,0.7667304993766569
1714,0.8398400663196078
1715,0.9064130982200699
1716,0.4929327188799658
1717,0.9000932657968751
1718,0.9268921078112713
1719,0.8957216319888893
1720,0.6280466816929379
1721,0.5446633664361068
1722,0.8619655292824014
1723,0.7653743681166004
1724,0.6020681903171685
1725,0.8459790031045369
1726,0.6858528457767568
1727,0.8259048269172005
1728,0.6351732006891712
1729,0.7982085662148978
1730,0.39479037007381607
1731,0.9112560975727858
1732,0.6561746461494704
1733,0.863847851673053
1734,0.7342285279959463
1735,0.6013422459545106
1736,0.8519017032197601
1737,0.7119863628057055
1738,0.4506399714007796
1739,0.5733302303498438
1740,0.6517639541472552
1741,0.7782188606365326
1742,0.7646211108220075
1743,0.9387930585168506
1744,0.7966360710674818
1745,0.8882586024362392
1746,0.5044978051823351
1747,0.8416947313674524
1748,0.6737871643482547
1749,0.21334146083395683
1750,0.8189364266707883
1751,0.7373558415595239
1752,0.8865938650898891
1753,0.6455300388239913
1754,0.4470274598500111
1755,0.804570317908618
1756,0.8172934097247276
1757,0.5599662523227684
1758,0.5390668432995609
1759,0.6613904961990348
1760,0.7172770797653351
1761,0.6249718981053067
1762,0.7974437772839176
1763,0.7179395630835841
1764,0.2907001837719392
1765,0.7511466539816968
1766,0.6969844587488696
1767,0.7342285279959463
1768,0.312443925045189
1769,0.8713922887061722
1770,0.5887403436764542
1771,0.78675457146993
1772,0.6931925065539152
1773,0.8316116150478835
1774,0.7035400574471904
1775,0.4833648668658639
1776,0.4773157523353645
1777,0.8044195978869559
1778,0.7322861760804206
1779,0.876701221549217
1780,0.7380878358910303
1781,0.9085543727840362
1782,0.9079302404718619
1783,0.6589092006931633
1784,0.5730559693490631
1785,0.5598820111604742
1786,0.6482785010316942
1787,0.8071610044209871
1788,0.7146721042435967
1789,0.8113650991283268
1790,0.7342285279959463
1791,0.6447448611479126
1792,0.9011752953774397
1793,0.8606874653639668
1794,0.8781062740687989
1795,0.624008509471068
1796,0.2960080227720081
1797,0.7895595884788739
1798,0.7482713898938066
1799,0.8137110470810803
1800,0.6482340635036694
1801,0.8330703346384328
1802,0.7034975399964851
1803,0.5332074638304295
1804,0.8651142789661826
1805,0.6879620988542866
1806,0.8569113204857934
1807,0.6492789978783514
1808,0.7256205193694863
1809,0.7342285279959463
1810,0.8482533161290481
1811,0.7845842286214826
1812,0.7734241555536506
1813,0.8467592868964634
1814,0.5110806299159769
1815,0.6588678087321224
1816,0.8272495308585743
1817,0.8319226771693837
1818,0.4481327026999601
1819,0.8146498842236876
1820,0.7342285279959463
1821,0.7171078520670752
1822,0.7378578449145847
1823,0.8340545068629494
1824,0.44889458567312857
1825,0.8153239192952942
1826,0.6274051700971252
1827,0.8020455821829465
1828,0.7509534991357107
1829,0.7990751415766011
1830,0.7427428186209593
1831,0.8633944201994015
1832,0.7445811300061752
1833,0.7837126141190843
1834,0.3866297712608887
1835,0.6252085859415671
1836,0.7502383130180541
1837,0.6087055719026289
1838,0.6559362921975307
1839,0.6243611288199239
1840,0.7412516631550488
1841,0.35598484251308765
1842,0.9630665967801046
1843,0.8049601098365746
1844,0.5173333961726894
1845,0.9520360026392576
1846,0.8608545874678392
1847,0.8398024982679069
1848,0.9385365473407965
1849,0.723322584417378
1850,0.709349093079709
1851,0.7993385392455506
1852,0.7772257193369271
1853,0.8477942085820137
1854,0.8066127045095587
1855,0.7221447601066624
1856,0.8152551388346073
1857,0.5181727650529796
1858,0.8952708265851613
1859,0.6425952681977883
1860,0.8558332052096599
1861,0.6700175094578803
1862,0.8840627121975387
1863,0.5738019119834837
1864,0.7232411867656316
1865,0.7129243645724019
1866,0.8739379844022183
1867,0.917521135743674
1868,0.7776098604829956
1869,0.5332755694613326
1870,0.36103933748590267
1871,0.7344914312037922
1872,0.8197573298571692
1873,0.7342285279959463
1874,0.9216525945187999
1875,0.8048669666400767
1876,0.7955344212109782
1877,0.7867812383345657
1878,0.8070452145377908
1879,0.739097486625967
1880,0.7388330169174785
1881,0.8286098052062284
1882,0.6806792691681589
1883,0.6703315538009207
1884,0.9456618662260033
1885,0.2907001837719392
1886,0.6115508297309635
1887,0.8124326048134695
1888,0.8585989541357535
1889,0.5918156660899332
1890,0.4750218666523899
1891,0.5149423695516767
1892,0.7848749341789681
1893,0.8998083252343727
1894,0.8512567016673352
1895,0.8770315881728256
1896,0.7519548463017033
1897,0.8550059701086974
1898,0.7287097800058547
1899,0.712556776841948
1900,0.6240334304401296
1901,0.6555369055824682
1902,0.8608400721866615
1903,0.9309658683336599
1904,0.8504836314922521
1905,0.856069920079549
1906,0.895539989870418
1907,0.654311991026059
1908,0.8440527841022922
1909,0.878690843131421
1910,0.5528676132029345
1911,0.8433766651228257
1912,0.4806239375446651
1913,0.7670615590557144
1914,0.7921544961716595
1915,0.7717165548309324
1916,0.7489684324855765
1917,0.34776147260463586
1918,0.7281228452216556
1919,0.50124264904874
1920,0.9082340232111954
1921,0.5286813494824718
1922,0.8467729914292996
1923,0.9082340232111954
1924,0.7862098156766937
1925,0.9036430418828847
1926,0.9600124553572343
1927,0.8170033308644182
1928,0.7814180185105194
1929,0.9045500518704597
1930,0.712321253384668
1931,0.820837483252075
1932,0.91769998087532
1933,0.7964898364116172
1934,0.7800655463707159
1935,0.7429161633893925
1936,0.8355192847512263
1937,0.890182018929292
1938,0.7905565675532193
1939,0.24187874455256836
1940,0.20105975436499965
1941,0.5193549232904328
1942,0.7212164699925511
1943,0.8050438691636302
1944,0.6354203957112022
1945,0.4750218666523899
1946,0.7842082808060792
1947,0.8627874289254407
1948,0.4385595596255899
1949,0.7277040547081657
1950,0.8506246683815472
1951,0.7946428191299223
1952,0.9384677283294901
1953,0.5800842682723585
1954,0.7475214652233745
1955,0.8336358772560751
1956,0.8500357401619
1957,0.7843689468844828
1958,0.26632407793927143
1959,0.7112653041055605
1960,0.8234246990346261
1961,0.7963712628982305
1962,0.6905109788074745
1963,0.7017971343909678
1964,0.7947496816792684
1965,0.5487673058677981
1966,0.6666215573392572
1967,0.769460030276354
1968,0.7879156002387738
1969,0.7151111220315252
1970,0.47325338516444937
1971,0.27622146168688594
1972,0.7485605383159291
1973,0.7817224383258903
1974,0.882669177511422
1975,0.4346909471586474
1976,0.7160726187037493
1977,0.9646352771909756
1978,0.7075917738564867
1979,0.8248441863424566
1980,0.32760147966855
1981,0.9077372464101364
1982,0.24187874455256836
1983,0.8718642671363996
1984,0.819658937926044
1985,0.7997266675511103
1986,0.6844664827253234
1987,0.8518367960749763
1988,0.8663857628262084
1989,0.8365283951601405
1990,0.8886869183069812
1991,0.7706188866905622
1992,0.7707823840458509
1993,0.6451459601218206
1994,0.6460627712502743
1995,0.811447350588043
1996,0.48454855649929246
1997,0.72086942343864
1998,0.8669623609226886
1999,0.7216361851782824
2000,0.6461853600063708
2001,0.7075602493974976
2002,0.8572041195768485
2003,0.6501564291343682
2004,0.8366797411932593
2005,0.657581170565784
2006,0.7646201570026713
2007,0.4094858838778488
2008,0.676147133956101
2009,0.7342285279959463
2010,0.6737871643482547
2011,0.8972448100878019
2012,0.8755097733791287
2013,0.6233225675896896
2014,0.6613428290728186
2015,0.8150550310818762
2016,0.8330505530258215
2017,0.6994855835918714
2018,0.9208988413313729
2019,0.8906302598141342
2020,0.8739617546618295
2021,0.7029419850396679
2022,0.7208784850814502
2023,0.5398832302101259
2024,0.9231107578482298
2025,0.8980492297023457
2026,0.8043623965761978
2027,0.8622731913378449
2028,0.5131532144440292
2029,0.8430831912423242
2030,0.8142413356453145
2031,0.8400047895610903
2032,0.7384837662390779
2033,0.7724935667009605
2034,0.8570065250183662
2035,0.8203929265689204
2036,0.7122149226013472
2037,0.6512057143362028
2038,0.9317142123800796
2039,0.8140740103177633
2040,0.6592495227408686
2041,0.8878666351411406
2042,0.907647002266568
2043,0.5907610361364007
2044,0.8644989045934424
2045,0.549536435912398
2046,0.9067290597784863
2047,0.9093192692888044
2048,0.26632407793927143
2049,0.8638261697260761
2050,0.4836017069611416
2051,0.7724806348668392
2052,0.8234246990346261
2053,0.8922278481286889
2054,0.8225996899774008
2055,0.743695569206117
2056,0.1930851081971755
2057,0.6493797097756046
2058,0.7519383189354044
2059,0.5481188499939651
2060,0.8061460958738279
2061,0.6885998904875045
2062,0.5328700712045958
2063,0.930743635992813
2064,0.8473778962451063
2065,0.8574305344594867
2066,0.8720766319594776
2067,0.8400597134171658
2068,0.813618812146736
2069,0.7342285279959463
2070,0.7433593362665584
2071,0.927050072154425
2072,0.7342285279959463
2073,0.7683223229503248
2074,0.5873241903820831
2075,0.9727207878249018
2076,0.9320049762885921
2077,0.7057155345333275
2078,0.6605151376629008
2079,0.6875617479810644
2080,0.7637626242484573
2081,0.49802588639757617
2082,0.836508481482974
2083,0.7397601640974171
2084,0.5650568281934031
2085,0.922516420800882
2086,0.7579482654754959
2087,0.6643230894155302
2088,0.6481251496467555
2089,0.7494618475764072
2090,0.8646057668043955
2091,0.8373671035501788
2092,0.9130328902905056
2093,0.9455478975595051
2094,0.8804415907605747
2095,0.8241408337901371
2096,0.7342285279959463
2097,0.7286399986486896
2098,0.8983167849670353
2099,0.4780766788893848
2100,0.9134115019805612
2101,0.7410438763666252
2102,0.754396748243665
2103,0.9071915553300511
2104,0.6713242412531588
2105,0.5764140756738351
2106,0.1910784644969168
2107,0.7246548048587027
2108,0.7743751091061349
2109,0.8674865641618232
2110,0.8244778887304237
2111,0.8487531925159421
2112,0.7718776231318882
2113,0.26632407793927143
2114,0.7367289172258229
2115,0.7946357840764934
2116,0.8890833060932829
2117,0.8085033686682546
2118,0.6167364912550384
2119,0.7609180008306364
2120,0.7394003019327966
2121,0.8370796686217954
2122,0.8249235389560217
2123,0.7312087822567288
2124,0.5955388416319528
2125,0.865062622425738
2126,0.580886642879646
2127,0.34487502911965545
2128,0.843334866319201
2129,0.6076775847483802
2130,0.6674097749569966
2131,0.8438150715991113
2132,0.7788197693193544
2133,0.8552561471130838
2134,0.8956896871314775
2135,0.4996121844343633
2136,0.7342285279959463
2137,0.7166920693602793
2138,0.81597375571107
2139,0.6511791375295288
2140,0.9000932657968751
2141,0.7885625111561568
2142,0.9416153157234743
2143,0.8525969149077006
2144,0.8421071026949578
2145,0.8676543087467193
2146,0.8701983365368616
2147,0.9055023676304279
2148,0.65636615014934
2149,0.7225852430637909
2150,0.9179041179502756
2151,0.8501330749540422
2152,0.7749757530323513
2153,0.8244215268200449
2154,0.7649853605237225
2155,0.5724884444631694
2156,0.8665157022597817
2157,0.850110467064523
2158,0.21405195365592616
2159,0.8133517902614968
2160,0.7105936913871913
2161,0.8545619399840776
2162,0.8554719863037628
2163,0.7211563580134547
2164,0.7286854283744012
2165,0.6490757474727527
2166,0.628722450372578
2167,0.7893317145403655
2168,0.7292694109984519
2169,0.7755353890956911
2170,0.6391798111733397
2171,0.8750966116987311
2172,0.24187874455256836
2173,0.8578032843847149
2174,0.7559964282438967
2175,0.6297400479066632
2176,0.7145831627144874
2177,0.9276928204603256
2178,0.7257733596256866
2179,0.7315946025121194
2180,0.7380677147270072
2181,0.9064130982200699
2182,0.8267321181338517
2183,0.7908256860505647
2184,0.7618457563010249
2185,0.5291345313138414
2186,0.7761506076597802
2187,0.6016838354923504
2188,0.8310605583264049
2189,0.9203918218784817
2190,0.8140844233688853
2191,0.6999690325741234
2192,0.811483569133179
2193,0.7372687093416143
2194,0.8429188526819811
2195,0.7646736076219914
2196,0.8299782942002272
2197,0.6683097438865092
2198,0.6636380435518197
2199,0.4331268863860088
2200,0.6561961954890237
2201,0.7937682459572092
2202,0.9253746558362859
2203,0.706056224854771
2204,0.5846181164822423
2205,0.3026319503058516
2206,0.9064130982200699
2207,0.8430243668078163
2208,0.4763115275133132
2209,0.6831164317089451
2210,0.8352728130107592
2211,0.7811888473954878
2212,0.8279855513413882
2213,0.7342285279959463
2214,0.8864512314833559
2215,0.7788289989776951
2216,0.6017916940279925
2217,0.8465308886195552
2218,0.8238890775086802
2219,0.8516273983439873
2220,0.7644846043504672
2221,0.9406560127464454
2222,0.6737871643482547
2223,0.7342285279959463
2224,0.7517521514338942
2225,0.7388330169174785
2226,0.3494564344192403
2227,0.6854282188139769
2228,0.3619700900485715
2229,0.850846619010265
2230,0.7814565196770693
2231,0.6869062666009966
2232,0.29236399146396747
2233,0.7323127593783908
2234,0.8280845251697173
2235,0.9094805838286294
